color_extrinsics_rotation: 
0.999983
0.00585299
-0.000753369
-0.00577472
0.996828
0.0793804
0.00121559
-0.0793747
0.996844
color_extrinsics_translation: 
-32.0571
-2.21997
3.94995
color_intrinsics_param: 
959.033
549.389
909.969
909.339
0.70917
-2.86673
1.62618
0.588996
-2.70083
1.55868
0
0
-0.000397904
0.000974435
0
color_intrinsics_param_count: 14
color_intrinsics_type: 4
color_intrinsics_metric_radius: 1.7
color_intrinsics_resolution_height: 1080
color_intrinsics_resolution_width: 1920
color_resolution: 2
depth_extrinsics_rotation: 
1
0
0
0
1
0
0
0
1
depth_extrinsics_translation: 
0
0
0
depth_intrinsics_param: 
322.074
354.181
504.296
504.304
3.40328
2.33724
0.125497
3.73403
3.45251
0.652264
0
0
4.13194e-05
1.22039e-05
0
depth_intrinsics_param_count: 14
depth_intrinsics_type: 4
depth_intrinsics_metric_radius: 1.74
depth_intrinsics_resolution_height: 576
depth_intrinsics_resolution_width: 640
depth_mode: 2
extrinsics[0][0]: 
rotation: 
1
0
0
0
1
0
0
0
1
translation: 
0
0
0

extrinsics[0][1]: 
rotation: 
0.999983
0.00585299
-0.000753369
-0.00577472
0.996828
0.0793804
0.00121559
-0.0793747
0.996844
translation: 
-32.0571
-2.21997
3.94995

extrinsics[0][2]: 
rotation: 
5.3255e-05
0.107066
-0.994252
-0.999952
-0.00974179
-0.00110261
-0.00980385
0.994204
0.10706
translation: 
0
0
0

extrinsics[0][3]: 
rotation: 
0.00440682
0.104693
-0.994495
-0.999976
-0.00477878
-0.00493418
-0.00526905
0.994493
0.10467
translation: 
-50.9456
3.34612
1.42621

extrinsics[1][0]: 
rotation: 
0.999983
-0.00577472
0.00121559
0.00585299
0.996828
-0.0793747
-0.000753369
0.0793804
0.996844
translation: 
32.0389
2.71409
-3.78541

extrinsics[1][1]: 
rotation: 
1
-2.40107e-10
-5.82077e-11
-2.40107e-10
1
0
-5.82077e-11
0
1
translation: 
0
2.38419e-07
0

extrinsics[1][2]: 
rotation: 
0.00142895
0.0278021
-0.999612
-0.999991
-0.00402398
-0.00154141
-0.00406527
0.999605
0.027796
translation: 
4.05594
-32.0597
1.97898

extrinsics[1][3]: 
rotation: 
0.00576873
0.0253922
-0.999661
-0.999983
0.000619282
-0.00575486
0.000472943
0.999677
0.0253953
translation: 
-46.7557
-28.6864
3.56031

extrinsics[2][0]: 
rotation: 
5.3255e-05
-0.999952
-0.00980385
0.107066
-0.00974179
0.994204
-0.994252
-0.00110261
0.10706
translation: 
0
0
0

extrinsics[2][1]: 
rotation: 
0.00142895
-0.999991
-0.00406527
0.0278021
-0.00402398
0.999605
-0.999612
-0.00154141
0.027796
translation: 
-32.0571
-2.21997
3.94995

extrinsics[2][2]: 
rotation: 
1
0
7.45058e-09
0
1
-4.51109e-10
7.45058e-09
-4.51109e-10
1
translation: 
0
0
0

extrinsics[2][3]: 
rotation: 
0.999988
-0.00432997
-0.00242788
0.00434092
0.99998
0.00452428
0.00240824
-0.00453476
0.999987
translation: 
-50.9456
3.34612
1.42621

extrinsics[3][0]: 
rotation: 
0.00440682
-0.999976
-0.00526905
0.104693
-0.00477878
0.994493
-0.994495
-0.00493418
0.10467
translation: 
3.57807
3.9313
-50.7979

extrinsics[3][1]: 
rotation: 
0.00576873
-0.999983
0.000472943
0.0253922
0.000619282
0.999677
-0.999661
-0.00575486
0.0253953
translation: 
-28.4178
-2.35417
-46.9954

extrinsics[3][2]: 
rotation: 
0.999988
0.00434092
0.00240824
-0.00432997
0.99998
-0.00453476
-0.00242788
0.00452428
0.999987
translation: 
50.927
-3.56018
-1.56502

extrinsics[3][3]: 
rotation: 
1
0
0
0
1
0
0
0
1
translation: 
3.8147e-06
0
-3.57628e-07

